frame,time_ns,distance_angstrom,axis_angle_deg
0,0.000000,6.317460,59.419552
1,0.100000,6.209637,55.517664
2,0.200000,6.373912,56.576260
3,0.300000,6.724386,53.663742
4,0.400000,6.826778,58.513552
5,0.500000,6.814798,59.301778
6,0.600000,6.578126,54.412241
7,0.700000,6.523722,54.990248
8,0.800000,6.563470,58.458840
9,0.900000,6.595993,55.106701
10,1.000000,6.581411,61.680331
11,1.100000,6.434863,59.300106
12,1.200000,6.427781,58.111362
13,1.300000,6.633177,52.447878
14,1.400000,7.191962,58.494384
15,1.500000,6.840645,54.840281
16,1.600000,7.365854,59.522480
17,1.700000,6.937092,51.885326
18,1.800000,7.692333,54.245957
19,1.900000,7.731318,51.207716
20,2.000000,7.543808,51.264151
21,2.100000,7.808825,55.595121
22,2.200000,8.183633,54.074055
23,2.300000,8.105984,48.365328
24,2.400000,8.061980,54.792394
25,2.500000,8.066985,60.267186
26,2.600000,8.430938,57.165273
27,2.700000,7.062214,60.241694
28,2.800000,7.193747,56.235693
29,2.900000,7.927749,53.804950
30,3.000000,7.882503,55.784554
31,3.100000,7.833186,51.267393
32,3.200000,8.099401,48.725499
33,3.300000,8.095063,55.386465
34,3.400000,7.744705,58.338632
35,3.500000,8.169460,52.251143
36,3.600000,8.313342,56.789620
37,3.700000,7.856148,48.677957
38,3.800000,7.691402,52.443155
39,3.900000,7.677301,55.731500
40,4.000000,7.962248,56.402625
41,4.100000,8.165640,60.678381
42,4.200000,8.526341,61.223579
43,4.300000,8.142222,67.176260
44,4.400000,8.789343,66.526022
45,4.500000,8.155058,67.206764
46,4.600000,8.169090,61.023704
47,4.700000,7.684158,55.189858
48,4.800000,7.401094,62.028235
49,4.900000,7.482268,59.019164
50,5.000000,7.348727,55.739188
51,5.100000,7.186524,57.051902
52,5.200000,7.547216,57.436410
53,5.300000,7.038193,50.478275
54,5.400000,7.041651,57.231845
55,5.500000,7.390029,54.372032
56,5.600000,7.395700,56.948958
57,5.700000,7.120390,59.089744
58,5.800000,6.999926,58.244107
59,5.900000,7.111331,56.246362
60,6.000000,6.692847,58.108242
61,6.100000,7.181009,57.739587
62,6.200000,6.886541,55.592171
63,6.300000,6.977679,57.382959
64,6.400000,7.072931,61.194205
65,6.500000,6.623451,52.682975
66,6.600000,6.959816,55.533478
67,6.700000,6.531385,62.882283
68,6.800000,6.949769,60.211889
69,6.900000,7.085460,56.936700
70,7.000000,7.305675,59.648854
71,7.100000,7.133206,62.019219
72,7.200000,7.315838,64.175329
73,7.300000,7.681431,59.195554
74,7.400000,7.258941,64.754422
75,7.500000,7.338234,59.813375
76,7.600000,7.613498,58.745926
77,7.700000,7.665498,63.894868
78,7.800000,7.057537,61.509138
79,7.900000,7.198705,58.286754
80,8.000000,7.156984,60.157718
81,8.100000,7.447986,63.133121
82,8.200000,7.299512,53.997951
83,8.300000,7.267178,65.344688
84,8.400000,7.468259,64.851910
85,8.500000,7.141831,60.756464
86,8.600000,7.196193,64.362360
87,8.700000,7.351803,70.867186
88,8.800000,7.793898,60.491926
89,8.900000,7.244693,59.108682
90,9.000000,7.563415,57.230807
91,9.100000,7.359551,61.437434
92,9.200000,7.418089,63.738470
93,9.300000,7.358374,60.579997
94,9.400000,7.214892,58.596912
95,9.500000,7.852138,65.994380
96,9.600000,7.761505,66.869419
97,9.700000,6.881386,54.272581
98,9.800000,7.366856,58.898654
99,9.900000,7.331392,59.514551
100,10.000000,7.540002,66.604010
101,10.100000,7.918371,63.584273
102,10.200000,7.421137,64.515338
103,10.300000,7.943077,60.604154
104,10.400000,8.228868,63.778892
105,10.500000,8.127232,64.351232
106,10.600000,7.264725,66.300565
107,10.700000,7.930111,60.730419
108,10.800000,8.051937,58.769268
109,10.900000,7.477332,59.389528
110,11.000000,7.483882,63.514022
111,11.100000,8.076240,59.993307
112,11.200000,7.892026,65.603027
113,11.300000,7.573096,59.585486
114,11.400000,7.728855,59.589080
115,11.500000,7.727846,58.040591
116,11.600000,7.842692,58.484455
117,11.700000,7.739404,52.688954
118,11.800000,7.555120,63.831531
119,11.900000,7.987842,62.147206
120,12.000000,7.854868,59.644806
121,12.100000,7.972197,59.002940
122,12.200000,8.185559,70.145498
123,12.300000,8.577031,70.498173
124,12.400000,8.436663,74.110234
125,12.500000,9.180294,71.854910
126,12.600000,8.605435,78.085711
127,12.700000,8.281764,71.991331
128,12.800000,8.711637,65.440749
129,12.900000,7.965823,62.520690
130,13.000000,8.387279,63.614897
131,13.100000,8.438324,67.877731
132,13.200000,8.546912,73.952863
133,13.300000,8.412903,77.519817
134,13.400000,8.309827,83.290406
135,13.500000,8.541847,67.622803
136,13.600000,8.398657,71.207540
137,13.700000,8.752004,69.063970
138,13.800000,8.513740,68.081103
139,13.900000,8.518045,65.034420
140,14.000000,8.188082,74.817176
141,14.100000,8.064717,63.939743
142,14.200000,7.840429,67.182459
143,14.300000,8.160705,64.083409
144,14.400000,7.968417,64.029180
145,14.500000,8.078116,69.943500
146,14.600000,7.946733,77.547720
147,14.700000,8.269115,68.225751
148,14.800000,8.395456,69.339370
149,14.900000,8.552388,66.222962
150,15.000000,7.965573,69.636614
151,15.100000,7.984168,65.916905
152,15.200000,7.967982,71.393979
153,15.300000,8.048490,60.992108
154,15.400000,8.201184,66.006895
155,15.500000,7.938686,65.075403
156,15.600000,8.170335,80.911244
157,15.700000,8.446441,62.415661
158,15.800000,8.800589,64.242627
159,15.900000,8.151779,64.626166
160,16.000000,8.880074,68.127513
161,16.100000,8.420722,73.840954
162,16.200000,9.617781,76.493195
163,16.300000,9.765598,82.488170
164,16.400000,10.663572,86.014770
165,16.500000,10.414044,88.706163
166,16.600000,9.873511,89.866302
167,16.700000,9.878465,86.319440
168,16.800000,9.600737,87.028512
169,16.900000,9.255879,81.308949
170,17.000000,9.354431,79.750085
171,17.100000,9.488895,77.184654
172,17.200000,9.902494,81.594857
173,17.300000,9.377794,85.096102
174,17.400000,10.207639,89.919326
175,17.500000,9.885853,88.002445
176,17.600000,10.285437,77.172129
177,17.700000,9.760013,69.325191
178,17.800000,9.965635,71.358150
179,17.900000,9.602274,71.807743
180,18.000000,9.816336,66.795389
181,18.100000,10.370900,67.626848
182,18.200000,9.683225,82.699652
183,18.300000,9.256779,73.295914
184,18.400000,9.265937,88.863551
185,18.500000,8.950237,84.401314
186,18.600000,9.342068,74.882269
187,18.700000,9.112949,69.244548
188,18.800000,9.790479,61.273305
189,18.900000,9.849068,72.309845
190,19.000000,9.438589,62.011940
191,19.100000,10.063265,66.609228
192,19.200000,11.525241,82.406758
193,19.300000,10.691358,88.811762
194,19.400000,9.974867,87.550339
195,19.500000,10.184815,89.966333
196,19.600000,11.083826,89.957290
197,19.700000,11.157158,88.870995
198,19.800000,9.985131,85.518382
199,19.900000,10.167140,79.289966
200,20.000000,10.184438,87.435063
201,20.100000,10.028384,87.554986
202,20.200000,10.614865,85.768034
203,20.300000,10.602624,86.348384
204,20.400000,9.904315,87.357537
205,20.500000,10.914959,87.267999
206,20.600000,10.290112,84.634247
207,20.700000,10.234161,87.522774
208,20.800000,11.124817,84.644522
209,20.900000,11.714290,82.984147
210,21.000000,11.694079,80.719132
211,21.100000,11.304901,88.417854
212,21.200000,11.264348,85.525365
213,21.300000,11.097107,76.597863
214,21.400000,10.292061,87.783330
215,21.500000,11.594676,79.499060
216,21.600000,11.359669,88.038625
217,21.700000,9.931290,88.968676
218,21.800000,10.609810,75.751863
219,21.900000,9.537436,74.901680
220,22.000000,9.200808,77.638067
221,22.100000,9.697015,77.575678
222,22.200000,9.739153,80.004747
223,22.300000,10.254079,82.351991
224,22.400000,10.451956,76.037846
225,22.500000,10.070584,87.976206
226,22.600000,11.442515,81.943243
227,22.700000,11.685948,81.868744
228,22.800000,11.454573,84.775717
229,22.900000,10.845863,85.617622
230,23.000000,9.897640,77.664187
231,23.100000,9.758152,81.064261
232,23.200000,10.881096,84.502579
233,23.300000,11.457370,84.786482
234,23.400000,11.583153,85.630571
235,23.500000,11.630296,73.540470
236,23.600000,11.458006,75.191622
237,23.700000,11.616430,81.886940
238,23.800000,11.657415,71.556492
239,23.900000,11.317837,66.394567
240,24.000000,9.934507,67.097221
241,24.100000,9.779130,74.244233
242,24.200000,9.054967,74.106896
243,24.300000,9.437089,73.464281
244,24.400000,10.033112,69.441273
245,24.500000,10.963940,84.394541
246,24.600000,10.266640,75.261683
247,24.700000,10.670623,85.462395
248,24.800000,10.029788,80.195839
249,24.900000,10.611430,79.822984
250,25.000000,11.094706,84.660249
251,25.100000,11.059436,72.771967
252,25.200000,10.704468,88.968664
253,25.300000,10.559580,75.259769
254,25.400000,10.347853,87.775147
255,25.500000,9.915272,89.545495
256,25.600000,9.728895,82.103373
257,25.700000,10.653508,89.410954
258,25.800000,9.552980,68.370992
259,25.900000,9.848872,80.360509
260,26.000000,9.833313,88.576032
261,26.100000,9.587484,66.894119
262,26.200000,10.547946,76.503339
263,26.300000,10.348122,85.494564
264,26.400000,10.157287,76.657800
265,26.500000,9.943560,70.321820
266,26.600000,10.114499,79.522664
267,26.700000,10.338543,79.476830
268,26.800000,10.686412,80.503333
269,26.900000,10.920857,88.932800
270,27.000000,11.365827,87.339021
271,27.100000,11.092400,88.963518
272,27.200000,10.908157,86.796028
273,27.300000,10.899174,80.429102
274,27.400000,11.259526,88.887268
275,27.500000,11.288743,73.697799
276,27.600000,10.643704,84.755297
277,27.700000,10.045341,67.122592
278,27.800000,9.748402,70.705138
279,27.900000,10.300091,75.098874
280,28.000000,11.146621,82.712569
281,28.100000,10.165752,86.852679
282,28.200000,10.202691,87.602864
283,28.300000,8.619625,73.134975
284,28.400000,10.161063,86.973073
285,28.500000,10.408821,85.909386
286,28.600000,11.255577,62.808823
287,28.700000,11.607660,60.014897
288,28.800000,10.861937,86.178253
289,28.900000,10.861635,79.562025
290,29.000000,10.728523,68.848175
291,29.100000,11.261820,67.668487
292,29.200000,10.833006,82.055601
293,29.300000,10.817146,81.713689
294,29.400000,11.147934,63.342947
295,29.500000,11.029153,66.455126
296,29.600000,11.552013,72.957303
297,29.700000,10.345189,81.323677
298,29.800000,10.951603,86.793365
299,29.900000,11.790987,88.342601
300,30.000000,11.333616,83.709184
301,30.100000,11.012421,86.067876
302,30.200000,11.032333,81.482468
303,30.300000,10.534577,89.257149
304,30.400000,11.594593,87.445267
305,30.500000,11.577027,86.637093
306,30.600000,11.731192,79.349231
307,30.700000,11.868892,69.252966
308,30.800000,11.078314,83.529187
309,30.900000,11.388005,83.781000
310,31.000000,11.395237,89.733180
311,31.100000,11.502117,80.765659
312,31.200000,11.890643,83.546330
313,31.300000,11.118737,77.064787
314,31.400000,11.699038,80.030439
315,31.500000,11.739321,83.798894
316,31.600000,11.306051,77.282529
317,31.700000,11.507102,71.608018
318,31.800000,12.231605,76.500521
319,31.900000,12.020232,82.630058
320,32.000000,11.162961,80.475657
321,32.100000,12.413061,82.054346
322,32.200000,11.286342,77.037303
323,32.300000,11.739314,78.892124
324,32.400000,10.833076,83.334857
325,32.500000,12.498619,84.055893
326,32.600000,11.749471,79.485671
327,32.700000,12.328619,65.433412
328,32.800000,11.542787,89.121706
329,32.900000,12.321030,77.119268
330,33.000000,11.805037,76.185839
331,33.100000,11.398215,89.799775
332,33.200000,11.421304,89.404348
333,33.300000,11.255324,84.635047
334,33.400000,11.288013,88.844040
335,33.500000,10.272722,70.599751
336,33.600000,12.243903,78.634354
337,33.700000,12.183799,71.496810
338,33.800000,12.079736,78.150603
339,33.900000,11.819092,75.302623
340,34.000000,12.223251,72.138775
341,34.100000,11.951044,42.664972
342,34.200000,11.009563,34.972217
343,34.300000,10.706465,36.593636
344,34.400000,10.240061,34.748876
345,34.500000,11.830899,75.548907
346,34.600000,11.415682,82.996293
347,34.700000,11.253851,82.783926
348,34.800000,11.000618,89.986560
349,34.900000,10.065275,79.091690
350,35.000000,10.003344,80.706079
351,35.100000,10.708250,88.222526
352,35.200000,11.920537,80.814341
353,35.300000,11.334107,84.054861
354,35.400000,12.230639,86.544490
355,35.500000,11.615411,75.049540
356,35.600000,12.449674,65.235942
357,35.700000,11.475443,58.229805
358,35.800000,11.394395,82.431028
359,35.900000,12.108012,65.244746
360,36.000000,12.252521,79.186650
361,36.100000,11.726757,79.117421
362,36.200000,11.977956,72.841246
363,36.300000,11.396744,79.532064
364,36.400000,11.646710,84.414928
365,36.500000,11.737028,72.079746
366,36.600000,11.077383,86.787261
367,36.700000,11.009668,84.400378
368,36.800000,10.501964,76.434892
369,36.900000,10.733242,80.786740
370,37.000000,11.282268,86.370156
371,37.100000,11.700950,72.698765
372,37.200000,11.369158,81.818468
373,37.300000,11.364586,85.320504
374,37.400000,11.489666,81.714940
375,37.500000,11.282400,79.554206
376,37.600000,11.321756,80.653842
377,37.700000,11.349844,85.145339
378,37.800000,11.637273,76.243987
379,37.900000,11.491306,80.577661
380,38.000000,11.366143,81.640876
381,38.100000,11.012863,89.522151
382,38.200000,11.424988,83.933760
383,38.300000,10.835322,81.378569
384,38.400000,10.038072,76.961744
385,38.500000,9.801452,72.370569
386,38.600000,9.822893,73.630058
387,38.700000,10.388172,77.190434
388,38.800000,10.420478,77.353065
389,38.900000,10.664107,71.154770
390,39.000000,11.101102,83.035591
391,39.100000,10.752057,84.152327
392,39.200000,10.733381,86.257101
393,39.300000,11.397705,89.297359
394,39.400000,11.583365,86.556942
395,39.500000,11.860724,65.415973
396,39.600000,11.537954,75.978164
397,39.700000,11.685768,74.548730
398,39.800000,11.146956,75.235358
399,39.900000,11.836855,70.840103
400,40.000000,11.527690,79.546731
401,40.100000,11.516977,85.942551
402,40.200000,10.997676,84.679867
403,40.300000,11.453187,76.069085
404,40.400000,11.126270,74.547022
405,40.500000,11.212734,80.528470
406,40.600000,10.800224,81.456530
407,40.700000,11.511355,83.267261
408,40.800000,10.878459,80.561461
409,40.900000,11.788394,75.750281
410,41.000000,10.866754,87.592588
411,41.100000,9.783211,79.464011
412,41.200000,9.708726,80.269692
413,41.300000,10.451858,75.532088
414,41.400000,9.995886,78.975028
415,41.500000,11.684583,77.685197
416,41.600000,11.116042,72.953980
417,41.700000,10.833380,77.298591
418,41.800000,11.279682,70.820054
419,41.900000,10.975217,69.702296
420,42.000000,11.470318,67.841947
421,42.100000,10.747002,65.849905
422,42.200000,11.840360,69.910087
423,42.300000,11.875159,69.784967
424,42.400000,11.497568,73.059146
425,42.500000,11.544831,82.537128
426,42.600000,11.437422,76.226708
427,42.700000,11.501317,70.162697
428,42.800000,12.044064,75.925215
429,42.900000,12.226102,65.269039
430,43.000000,11.302038,74.388858
431,43.100000,11.337292,81.487929
432,43.200000,10.874386,87.037239
433,43.300000,11.693279,73.006574
434,43.400000,11.143377,70.931196
435,43.500000,11.549888,74.289669
436,43.600000,11.424286,87.897325
437,43.700000,11.291126,87.407574
438,43.800000,11.211904,86.942020
439,43.900000,10.875626,87.179573
440,44.000000,11.123525,85.507566
441,44.100000,10.946461,84.571629
442,44.200000,10.968493,82.088108
443,44.300000,11.548348,76.165508
444,44.400000,10.757140,78.162333
445,44.500000,10.746628,80.820636
446,44.600000,11.226158,85.899706
447,44.700000,10.656903,87.457178
448,44.800000,10.492608,71.590158
449,44.900000,11.209710,85.337079
450,45.000000,9.895027,71.814490
451,45.100000,10.883630,86.892155
452,45.200000,9.952327,76.882101
453,45.300000,10.085288,86.241751
454,45.400000,9.887060,75.674024
455,45.500000,10.526489,81.185538
456,45.600000,10.004867,80.109439
457,45.700000,10.641005,79.569204
458,45.800000,10.243717,85.041270
459,45.900000,10.383289,81.929207
460,46.000000,10.404736,82.063959
461,46.100000,9.683486,72.682891
462,46.200000,9.118422,77.755923
463,46.300000,9.336127,81.272618
464,46.400000,9.023831,74.928152
465,46.500000,9.538493,74.763818
466,46.600000,9.451095,82.771964
467,46.700000,9.310838,71.615733
468,46.800000,10.305375,69.985499
469,46.900000,10.310852,73.757542
470,47.000000,10.060824,74.915548
471,47.100000,9.748644,78.995828
472,47.200000,10.171400,86.211844
473,47.300000,10.095533,83.989077
474,47.400000,10.046615,71.780564
475,47.500000,9.670798,73.436957
476,47.600000,10.737401,71.785570
477,47.700000,9.862800,68.496899
478,47.800000,10.692136,83.441346
479,47.900000,11.352583,89.995624
480,48.000000,11.054082,80.662176
481,48.100000,10.407027,85.363283
482,48.200000,10.818573,87.886420
483,48.300000,10.975014,77.691869
484,48.400000,10.916396,87.841143
485,48.500000,10.777311,88.145906
486,48.600000,11.461566,81.931893
487,48.700000,10.565848,87.965862
488,48.800000,11.338160,81.754152
489,48.900000,11.580957,80.840886
490,49.000000,11.072264,78.759834
491,49.100000,11.380146,83.155323
492,49.200000,11.403050,79.411061
493,49.300000,10.950836,84.172796
494,49.400000,10.853168,80.398390
495,49.500000,10.274365,74.277640
496,49.600000,10.650638,76.634817
497,49.700000,10.714192,75.213731
498,49.800000,11.007683,79.430259
499,49.900000,10.777516,73.639791
500,50.000000,10.199431,86.368746
501,50.100000,10.774897,83.880422
502,50.200000,10.199795,68.032001
503,50.300000,9.493281,56.644573
504,50.400000,9.414886,59.919050
505,50.500000,9.051185,61.533489
506,50.600000,8.795901,60.106435
507,50.700000,9.291274,65.606456
508,50.800000,9.144949,62.131657
509,50.900000,9.118044,71.317142
510,51.000000,9.674603,68.186868
511,51.100000,9.995382,76.168254
512,51.200000,9.788261,70.460144
513,51.300000,10.415924,67.865221
514,51.400000,9.700563,72.064704
515,51.500000,9.698486,69.453308
516,51.600000,10.177332,72.382577
517,51.700000,10.062983,78.690237
518,51.800000,9.811647,72.655041
519,51.900000,10.313299,72.380691
520,52.000000,10.032544,68.803172
521,52.100000,9.847399,71.950507
522,52.200000,9.810990,67.782206
523,52.300000,9.845285,70.939897
524,52.400000,9.240949,54.613304
525,52.500000,9.436691,68.540223
526,52.600000,9.456060,68.594373
527,52.700000,9.559142,75.489962
528,52.800000,9.482229,66.995613
529,52.900000,9.708832,67.197121
530,53.000000,9.609424,63.947610
531,53.100000,9.957980,70.354598
532,53.200000,10.053620,64.175577
533,53.300000,9.769789,71.643963
534,53.400000,10.195534,68.275011
535,53.500000,9.454580,65.674206
536,53.600000,9.729421,67.888139
537,53.700000,10.425653,60.456234
538,53.800000,10.058357,65.683594
539,53.900000,9.392047,60.233277
540,54.000000,9.369000,76.141626
541,54.100000,9.912554,72.458322
542,54.200000,10.446434,80.866638
543,54.300000,11.131748,88.131305
544,54.400000,10.792836,84.397079
545,54.500000,11.162976,84.202719
546,54.600000,11.696095,69.081712
547,54.700000,11.978662,81.277232
548,54.800000,10.884409,88.536410
549,54.900000,11.280850,84.754798
550,55.000000,11.466038,80.507601
551,55.100000,11.037677,88.816304
552,55.200000,11.151049,83.209109
553,55.300000,10.604205,85.916695
554,55.400000,10.827628,86.655550
555,55.500000,11.065694,88.230636
556,55.600000,10.407004,84.389290
557,55.700000,10.677791,86.389326
558,55.800000,11.332692,76.313214
559,55.900000,11.017119,87.766344
560,56.000000,10.630190,82.891497
561,56.100000,11.215282,83.046649
562,56.200000,11.452623,85.372931
563,56.300000,11.486685,89.493200
564,56.400000,11.298668,87.055891
565,56.500000,11.119603,73.149605
566,56.600000,11.195239,86.349183
567,56.700000,10.650498,82.627078
568,56.800000,10.798591,77.242374
569,56.900000,11.043693,89.253368
570,57.000000,11.711202,71.164098
571,57.100000,10.914129,82.943355
572,57.200000,11.402971,89.527646
573,57.300000,11.182248,79.823253
574,57.400000,11.504882,88.808964
575,57.500000,10.959775,88.797858
576,57.600000,11.503218,86.247957
577,57.700000,11.442058,85.948961
578,57.800000,11.216934,83.821467
579,57.900000,11.225465,87.353723
580,58.000000,12.027547,81.976607
581,58.100000,11.634069,74.788279
582,58.200000,11.242226,89.567276
583,58.300000,10.693628,81.101455
584,58.400000,11.146918,80.960966
585,58.500000,10.844621,81.589342
586,58.600000,11.044130,80.466176
587,58.700000,10.393805,71.023427
588,58.800000,10.553697,72.861938
589,58.900000,11.025802,78.825381
590,59.000000,10.288376,65.959566
591,59.100000,10.002924,68.240700
592,59.200000,11.539043,89.557201
593,59.300000,11.519389,80.755748
594,59.400000,11.950819,77.675624
595,59.500000,12.022772,86.917040
596,59.600000,12.037735,70.344386
597,59.700000,11.570158,75.345446
598,59.800000,11.812762,83.020574
599,59.900000,11.862274,82.984852
600,60.000000,11.388301,80.809884
601,60.100000,11.878168,78.229398
602,60.200000,11.820564,87.515578
603,60.300000,10.789271,81.595281
604,60.400000,10.999276,88.912155
605,60.500000,11.171480,87.892982
606,60.600000,10.180160,86.932245
607,60.700000,11.431464,70.968277
608,60.800000,10.638290,89.279447
609,60.900000,10.908544,88.038193
610,61.000000,11.175079,86.785444
611,61.100000,10.448017,85.698271
612,61.200000,10.596955,87.149205
613,61.300000,10.831593,81.458087
614,61.400000,11.333900,86.194421
615,61.500000,11.461536,72.185700
616,61.600000,11.477889,73.007912
617,61.700000,11.119961,89.487582
618,61.800000,10.648948,79.056464
619,61.900000,10.096284,64.687842
620,62.000000,11.161694,70.969189
621,62.100000,11.364448,73.603194
622,62.200000,10.753830,64.982585
623,62.300000,11.909631,72.504022
624,62.400000,11.810900,64.769573
625,62.500000,11.133173,73.043741
626,62.600000,11.269812,57.489947
627,62.700000,12.279288,59.674662
628,62.800000,12.433576,74.384295
629,62.900000,12.502348,64.188472
630,63.000000,11.525219,49.528476
631,63.100000,12.053206,50.745511
632,63.200000,11.653715,57.129524
633,63.300000,12.043911,60.181063
634,63.400000,11.543573,52.354156
635,63.500000,12.113662,75.896143
636,63.600000,11.907833,72.172811
637,63.700000,11.861605,70.597799
638,63.800000,10.934099,74.840599
639,63.900000,10.901843,71.407869
640,64.000000,11.001328,85.288936
641,64.100000,10.847386,73.346574
642,64.200000,10.904385,85.896591
643,64.300000,11.089762,80.929510
644,64.400000,10.880074,78.007261
645,64.500000,11.903419,80.487628
646,64.600000,11.284716,71.959152
647,64.700000,11.251552,81.089917
648,64.800000,10.969162,88.892906
649,64.900000,10.709187,75.440220
650,65.000000,11.215466,87.960279
651,65.100000,11.263157,84.891863
652,65.200000,11.413107,78.242298
653,65.300000,11.996304,89.481324
654,65.400000,11.724596,76.906516
655,65.500000,11.445906,78.141245
656,65.600000,10.946474,89.869353
657,65.700000,11.070648,84.870575
658,65.800000,10.386873,89.598571
659,65.900000,9.788660,78.162547
660,66.000000,9.540843,80.088555
661,66.100000,10.866766,88.358340
662,66.200000,11.182134,86.115129
663,66.300000,11.169033,78.601658
664,66.400000,11.265467,72.286651
665,66.500000,12.048800,64.769725
666,66.600000,12.038456,70.386017
667,66.700000,11.393662,73.625551
668,66.800000,11.624247,74.163411
669,66.900000,10.651568,89.619973
670,67.000000,11.804357,87.654409
671,67.100000,11.619608,72.135036
672,67.200000,11.694021,70.337269
673,67.300000,11.271653,79.734890
674,67.400000,11.361115,75.800543
675,67.500000,11.485395,82.002054
676,67.600000,11.847163,70.622902
677,67.700000,12.444792,70.446402
678,67.800000,12.270972,77.430483
679,67.900000,11.610862,67.974638
680,68.000000,11.179486,76.865708
681,68.100000,11.571272,67.570372
682,68.200000,11.223267,89.690853
683,68.300000,11.609848,68.358473
684,68.400000,11.178368,62.740368
685,68.500000,11.538108,72.070527
686,68.600000,11.541938,70.972336
687,68.700000,10.873111,89.170127
688,68.800000,11.093836,87.427994
689,68.900000,11.978075,76.767768
690,69.000000,11.364838,72.057099
691,69.100000,10.622273,80.774464
692,69.200000,11.184030,83.695024
693,69.300000,12.597386,72.275831
694,69.400000,11.031403,89.264790
695,69.500000,11.649719,82.498352
696,69.600000,11.095999,81.834737
697,69.700000,12.182449,76.555609
698,69.800000,11.376083,69.681093
699,69.900000,11.479863,76.817446
700,70.000000,11.185267,88.210662
701,70.100000,11.998252,79.741303
702,70.200000,10.944224,84.727344
703,70.300000,11.317900,86.417117
704,70.400000,10.966960,89.692936
705,70.500000,11.036579,86.220905
706,70.600000,11.346926,67.233991
707,70.700000,11.025935,87.797507
708,70.800000,11.325529,87.379263
709,70.900000,10.199563,75.278190
710,71.000000,10.490555,84.247455
711,71.100000,11.008300,85.591690
712,71.200000,10.330891,84.199207
713,71.300000,10.880088,89.215906
714,71.400000,10.970451,74.278922
715,71.500000,10.464650,87.951476
716,71.600000,11.340383,89.812516
717,71.700000,10.368852,89.482535
718,71.800000,10.974198,82.756329
719,71.900000,10.717562,84.904649
720,72.000000,11.862080,75.464831
721,72.100000,11.483363,82.640359
722,72.200000,10.975122,74.541443
723,72.300000,10.733077,77.673095
724,72.400000,10.425078,72.071139
725,72.500000,10.810854,83.963648
726,72.600000,11.846612,87.421448
727,72.700000,11.652691,80.649704
728,72.800000,10.996650,86.794057
729,72.900000,10.990176,72.519443
730,73.000000,10.641290,74.953146
731,73.100000,10.309988,85.303032
732,73.200000,10.727141,82.270719
733,73.300000,10.762998,72.985739
734,73.400000,10.740841,69.874838
735,73.500000,10.754810,89.770050
736,73.600000,10.710897,89.659177
737,73.700000,11.026811,82.468311
738,73.800000,10.329261,80.525341
739,73.900000,10.865868,85.934574
740,74.000000,10.523900,78.714241
741,74.100000,10.607178,75.510131
742,74.200000,10.891319,86.148408
743,74.300000,11.488968,88.005448
744,74.400000,11.125432,81.538433
745,74.500000,10.727298,89.385708
746,74.600000,11.112555,76.089852
747,74.700000,11.601597,74.135776
748,74.800000,11.457944,80.673645
749,74.900000,11.100106,74.839935
750,75.000000,11.017652,86.273312
751,75.100000,10.939627,88.693213
752,75.200000,10.696556,88.352057
753,75.300000,9.715933,87.810178
754,75.400000,10.474787,82.323779
755,75.500000,9.794931,81.978967
756,75.600000,10.097153,82.801456
757,75.700000,10.804016,82.916663
758,75.800000,9.785764,73.646530
759,75.900000,9.706318,77.372227
760,76.000000,10.221819,82.528626
761,76.100000,9.740427,79.139506
762,76.200000,10.594565,79.998385
763,76.300000,10.600753,77.197918
764,76.400000,9.756084,72.287463
765,76.500000,9.948821,69.027032
766,76.600000,11.024358,82.399008
767,76.700000,10.584485,86.321568
768,76.800000,11.081246,82.824426
769,76.900000,10.260465,76.972401
770,77.000000,10.019727,83.206129
771,77.100000,9.754328,78.361893
772,77.200000,10.168532,75.633644
773,77.300000,10.210933,79.793001
774,77.400000,10.204455,74.857688
775,77.500000,10.311861,79.792517
776,77.600000,10.501029,82.805599
777,77.700000,11.626341,82.641323
778,77.800000,11.448296,88.885138
779,77.900000,11.183116,86.305654
780,78.000000,11.339296,88.327038
781,78.100000,10.347282,86.371936
782,78.200000,10.167247,84.814319
783,78.300000,10.334852,86.407870
784,78.400000,10.551487,86.674683
785,78.500000,10.540851,86.899844
786,78.600000,11.366169,81.822214
787,78.700000,11.012979,81.747711
788,78.800000,11.545226,76.638042
789,78.900000,11.455033,81.944295
790,79.000000,11.217547,89.993017
791,79.100000,11.196920,87.862066
792,79.200000,10.914447,87.135433
793,79.300000,10.576251,79.345404
794,79.400000,10.388005,87.926351
795,79.500000,10.076681,88.222357
796,79.600000,10.120295,87.835035
797,79.700000,10.323815,89.750341
798,79.800000,10.584188,87.958773
799,79.900000,10.770364,88.875683
800,80.000000,10.912358,83.509877
801,80.100000,10.359417,89.207483
802,80.200000,10.351297,87.451360
803,80.300000,10.645910,86.703863
804,80.400000,10.520510,86.656121
805,80.500000,10.364052,84.817996
806,80.600000,10.753286,88.908107
807,80.700000,11.083248,86.280312
808,80.800000,11.315461,85.363124
809,80.900000,10.920599,85.165544
810,81.000000,10.161623,88.841452
811,81.100000,10.382424,86.592151
812,81.200000,10.520144,85.146928
813,81.300000,10.516879,84.811472
814,81.400000,10.819219,87.298630
815,81.500000,11.219393,89.748436
816,81.600000,11.435746,75.382754
817,81.700000,11.322398,79.224468
818,81.800000,10.779599,79.815520
819,81.900000,10.858866,87.962634
820,82.000000,11.076962,78.562813
821,82.100000,11.485994,86.139106
822,82.200000,11.090813,80.324094
823,82.300000,10.647475,87.567070
824,82.400000,11.543445,88.375878
825,82.500000,10.911125,80.356108
826,82.600000,11.943295,85.063814
827,82.700000,11.214307,89.444728
828,82.800000,10.751322,85.659434
829,82.900000,10.995777,82.432251
830,83.000000,11.501497,74.862111
831,83.100000,9.751343,78.742625
832,83.200000,10.616645,84.233956
833,83.300000,10.164019,76.075312
834,83.400000,10.958621,79.240595
835,83.500000,10.629557,87.375400
836,83.600000,11.177928,76.193635
837,83.700000,11.726725,80.080082
838,83.800000,10.850504,79.703846
839,83.900000,11.173503,69.184357
840,84.000000,10.788610,64.556972
841,84.100000,11.330735,67.742117
842,84.200000,11.337122,87.414105
843,84.300000,11.739324,77.141736
844,84.400000,10.744319,89.180909
845,84.500000,11.031558,85.329789
846,84.600000,11.312941,82.375243
847,84.700000,11.089267,76.869908
848,84.800000,11.821617,73.365873
849,84.900000,9.959487,80.794275
850,85.000000,11.356495,84.229162
851,85.100000,10.502853,86.634316
852,85.200000,10.957143,88.377209
853,85.300000,10.867145,81.773134
854,85.400000,10.968410,81.113946
855,85.500000,11.252543,75.086748
856,85.600000,11.789166,71.565565
857,85.700000,11.105851,73.012551
858,85.800000,10.779383,77.029459
859,85.900000,11.330078,75.312230
860,86.000000,10.755721,82.252758
861,86.100000,9.566741,84.174675
862,86.200000,10.799319,78.606421
863,86.300000,10.962847,78.366963
864,86.400000,9.862160,78.141465
865,86.500000,11.216992,74.363039
866,86.600000,11.689459,77.959879
867,86.700000,11.150457,83.731086
868,86.800000,10.663021,87.833202
869,86.900000,11.676218,79.862163
870,87.000000,11.644542,68.743746
871,87.100000,10.853664,82.551421
872,87.200000,10.915191,85.012281
873,87.300000,9.717598,87.628075
874,87.400000,9.543523,72.639119
875,87.500000,10.081797,76.357736
876,87.600000,10.410042,70.536199
877,87.700000,10.019990,81.072733
878,87.800000,9.862327,82.044158
879,87.900000,10.137328,86.242381
880,88.000000,10.800801,88.306735
881,88.100000,10.705941,84.649030
882,88.200000,10.276220,77.706700
883,88.300000,9.842244,69.774500
884,88.400000,10.843114,89.066404
885,88.500000,10.196468,77.946239
886,88.600000,11.078412,86.025726
887,88.700000,11.236920,87.837450
888,88.800000,11.645142,82.528890
889,88.900000,11.333553,82.271237
890,89.000000,11.215688,86.030217
891,89.100000,11.695067,88.306809
892,89.200000,11.216256,86.302339
893,89.300000,9.949372,87.203070
894,89.400000,10.962043,89.916727
895,89.500000,10.382401,88.991648
896,89.600000,10.272901,83.916499
897,89.700000,10.787392,87.803343
898,89.800000,11.610637,87.807482
899,89.900000,11.322343,84.916674
900,90.000000,11.644660,87.345037
901,90.100000,10.976998,85.578627
902,90.200000,10.606944,79.864152
903,90.300000,10.043889,76.462178
904,90.400000,10.570051,64.150689
905,90.500000,9.578949,53.085528
906,90.600000,10.403514,67.684999
907,90.700000,10.419478,74.180670
908,90.800000,10.508805,81.577918
909,90.900000,10.704388,88.663201
910,91.000000,10.787305,75.452393
911,91.100000,10.676443,88.492771
912,91.200000,10.439298,84.788002
913,91.300000,10.130200,71.780956
914,91.400000,10.581702,81.889516
915,91.500000,10.622722,89.498780
916,91.600000,11.381817,84.127253
917,91.700000,11.533612,86.682450
918,91.800000,11.510493,77.732634
919,91.900000,11.541088,75.764151
920,92.000000,11.433481,79.704133
921,92.100000,10.973912,84.540483
922,92.200000,11.430662,74.769476
923,92.300000,11.969663,78.282947
924,92.400000,11.866035,71.893907
925,92.500000,11.438218,68.120560
926,92.600000,11.007110,72.028960
927,92.700000,11.608952,76.714968
928,92.800000,10.906851,78.692071
929,92.900000,11.297980,89.913461
930,93.000000,10.408058,78.789988
931,93.100000,11.177086,82.964322
932,93.200000,10.761974,76.003564
933,93.300000,10.294935,81.692546
934,93.400000,11.022053,84.766556
935,93.500000,10.241671,72.462025
936,93.600000,10.499686,72.735844
937,93.700000,10.736467,81.812082
938,93.800000,10.554036,87.123621
939,93.900000,10.652272,89.419050
940,94.000000,11.746974,74.787032
941,94.100000,11.244738,89.219057
942,94.200000,11.253912,81.417568
943,94.300000,10.874353,87.127493
944,94.400000,11.381859,88.317581
945,94.500000,11.115148,88.511946
946,94.600000,11.091370,87.764472
947,94.700000,11.374066,87.489105
948,94.800000,10.969195,85.717243
949,94.900000,10.305879,85.102290
950,95.000000,10.340798,72.266728
951,95.100000,10.687384,71.793214
952,95.200000,9.951161,74.351140
953,95.300000,10.413170,65.793029
954,95.400000,10.804074,73.997076
955,95.500000,11.292057,87.721724
956,95.600000,10.777810,75.863583
957,95.700000,11.042883,83.477315
958,95.800000,11.129180,81.759254
959,95.900000,11.729570,87.791910
960,96.000000,11.229192,88.404990
961,96.100000,10.610246,80.330112
962,96.200000,11.233721,89.558724
963,96.300000,11.446852,83.291953
964,96.400000,10.756425,79.072660
965,96.500000,11.561059,88.764801
966,96.600000,11.376265,84.439608
967,96.700000,10.646857,81.550361
968,96.800000,10.415929,75.466649
969,96.900000,11.032185,77.005260
970,97.000000,11.009338,81.682264
971,97.100000,11.662166,79.436737
972,97.200000,11.199876,86.518139
973,97.300000,11.547593,70.297454
974,97.400000,11.805397,76.096156
975,97.500000,11.691031,78.954179
976,97.600000,11.547798,72.965057
977,97.700000,11.283319,67.979123
978,97.800000,11.826347,88.687574
979,97.900000,10.940942,89.486826
980,98.000000,11.686392,76.684156
981,98.100000,11.389040,76.328305
982,98.200000,11.146219,79.615473
983,98.300000,11.355255,75.875959
984,98.400000,11.272244,71.258919
985,98.500000,11.491371,75.548429
986,98.600000,11.580638,75.585983
987,98.700000,11.601648,70.605089
988,98.800000,11.634495,75.072144
989,98.900000,11.827259,76.518215
990,99.000000,12.085790,79.818767
991,99.100000,11.329158,78.265947
992,99.200000,11.590171,76.151648
993,99.300000,11.864036,63.634097
994,99.400000,11.833016,81.795939
995,99.500000,11.473548,77.771087
996,99.600000,11.775649,75.760849
997,99.700000,11.648934,86.052197
998,99.800000,11.636958,82.842539
999,99.900000,11.694977,73.855999
1000,100.000000,11.332501,87.060402
1001,100.100000,11.111747,88.139475
1002,100.200000,12.045912,64.541134
1003,100.300000,11.364171,71.020408
1004,100.400000,11.619195,77.912501
1005,100.500000,11.386703,85.872098
1006,100.600000,11.500551,80.234431
1007,100.700000,11.340165,76.843347
1008,100.800000,11.995407,77.515274
1009,100.900000,11.244724,78.088851
1010,101.000000,11.792376,73.304034
1011,101.100000,11.044907,86.075844
1012,101.200000,11.286852,79.898582
1013,101.300000,11.154938,66.613426
1014,101.400000,10.630826,73.192990
1015,101.500000,11.542558,70.815875
1016,101.600000,11.017231,87.810507
1017,101.700000,11.227806,88.305709
1018,101.800000,11.433325,80.583484
1019,101.900000,11.888190,79.788461
1020,102.000000,11.965703,86.585587
1021,102.100000,11.240787,88.232125
1022,102.200000,11.262325,80.220183
1023,102.300000,11.260594,76.012704
1024,102.400000,11.917973,76.588832
1025,102.500000,11.578539,79.678813
1026,102.600000,11.507377,89.885857
1027,102.700000,11.150448,85.959249
1028,102.800000,11.094389,84.431306
1029,102.900000,11.248085,73.264716
1030,103.000000,10.872146,65.191515
1031,103.100000,10.980891,71.572820
1032,103.200000,10.600775,72.892006
1033,103.300000,11.075370,62.971431
1034,103.400000,10.911921,63.780276
1035,103.500000,11.249784,81.130713
1036,103.600000,11.828748,80.364605
1037,103.700000,11.403648,78.868952
1038,103.800000,11.440433,88.843246
1039,103.900000,11.528888,86.795886
1040,104.000000,11.666857,78.405226
1041,104.100000,11.320663,88.513762
1042,104.200000,11.020766,82.878641
1043,104.300000,12.200678,88.443577
1044,104.400000,11.709485,85.776960
1045,104.500000,11.436548,80.793111
1046,104.600000,12.100835,67.594685
1047,104.700000,11.865956,80.617444
1048,104.800000,12.075286,76.661078
1049,104.900000,11.970567,77.525217
1050,105.000000,11.309809,87.663033
1051,105.100000,11.979441,77.204062
1052,105.200000,11.530664,80.362746
1053,105.300000,11.271230,80.829025
1054,105.400000,10.603903,77.312788
1055,105.500000,11.276991,83.964006
1056,105.600000,11.410866,87.525670
1057,105.700000,11.468584,89.609153
1058,105.800000,11.138796,89.424696
1059,105.900000,11.545605,82.667266
1060,106.000000,10.893740,82.244718
1061,106.100000,11.451396,85.349649
1062,106.200000,11.531941,87.054152
1063,106.300000,11.429749,84.365031
1064,106.400000,11.746291,79.908163
1065,106.500000,11.810730,89.186331
1066,106.600000,11.480963,88.190394
1067,106.700000,11.470185,89.483963
1068,106.800000,11.246950,83.463615
1069,106.900000,10.765185,80.357782
1070,107.000000,11.521249,78.171881
1071,107.100000,11.914588,87.425399
1072,107.200000,11.178281,79.366516
1073,107.300000,12.188664,81.182108
1074,107.400000,11.682595,73.200479
1075,107.500000,11.744367,79.466210
1076,107.600000,11.841835,82.935433
1077,107.700000,11.264789,84.446828
1078,107.800000,11.867513,73.399195
1079,107.900000,11.709643,74.944308
1080,108.000000,11.759143,84.104177
1081,108.100000,12.091408,88.961759
1082,108.200000,11.162323,83.028048
1083,108.300000,11.927834,82.116203
1084,108.400000,12.181184,79.531945
1085,108.500000,12.219365,67.430794
1086,108.600000,11.811963,64.193701
1087,108.700000,12.404967,78.368962
1088,108.800000,12.302047,82.495849
1089,108.900000,11.714158,83.346851
1090,109.000000,12.099492,88.944208
1091,109.100000,11.994472,87.269352
1092,109.200000,12.246605,74.872029
1093,109.300000,11.935066,88.509785
1094,109.400000,11.077609,77.727907
1095,109.500000,11.704758,84.424924
1096,109.600000,11.058164,88.220590
1097,109.700000,11.653218,84.578768
1098,109.800000,11.640091,89.217725
1099,109.900000,11.035473,83.013967
1100,110.000000,11.480940,88.226080
1101,110.100000,11.383702,80.484361
1102,110.200000,11.795845,89.471508
1103,110.300000,11.800331,71.214340
1104,110.400000,12.104347,78.302190
1105,110.500000,11.961352,89.664219
1106,110.600000,11.558189,79.844004
1107,110.700000,11.823519,89.653033
1108,110.800000,12.072581,78.334362
1109,110.900000,11.498438,88.416174
1110,111.000000,10.883481,68.588124
1111,111.100000,11.777884,81.388413
1112,111.200000,11.056793,84.931096
1113,111.300000,11.299902,86.315843
1114,111.400000,11.712862,75.474400
1115,111.500000,11.685998,76.937045
1116,111.600000,11.468033,72.733757
1117,111.700000,11.574733,76.735653
1118,111.800000,12.241594,76.969081
1119,111.900000,10.564785,80.094055
1120,112.000000,11.510181,78.768122
1121,112.100000,11.501791,88.861338
1122,112.200000,11.791619,79.576924
1123,112.300000,11.240778,80.359752
1124,112.400000,11.616468,80.939973
1125,112.500000,11.525398,88.662638
1126,112.600000,11.186650,84.156127
1127,112.700000,11.101640,80.466433
1128,112.800000,11.248305,80.579519
1129,112.900000,10.695070,78.660697
1130,113.000000,11.199430,83.064491
1131,113.100000,10.554015,75.502284
1132,113.200000,10.675998,75.934008
1133,113.300000,11.287759,81.930790
1134,113.400000,11.901880,83.810437
1135,113.500000,12.142315,74.342204
1136,113.600000,11.196427,83.106597
1137,113.700000,11.311312,87.078462
1138,113.800000,11.308510,72.251624
1139,113.900000,11.303521,83.991512
1140,114.000000,11.165198,88.796940
1141,114.100000,11.488207,88.250053
1142,114.200000,11.401516,82.040549
1143,114.300000,11.184007,81.499992
1144,114.400000,11.575623,85.613111
1145,114.500000,11.337272,87.710050
1146,114.600000,11.446079,87.046544
1147,114.700000,11.216427,78.259446
1148,114.800000,12.001044,86.240979
1149,114.900000,11.330221,85.168140
1150,115.000000,11.298218,85.861945
1151,115.100000,11.348613,82.419497
1152,115.200000,11.499958,80.854348
1153,115.300000,10.956276,82.217879
1154,115.400000,11.054943,86.667292
1155,115.500000,11.102698,88.646943
1156,115.600000,11.961656,79.028471
1157,115.700000,11.821383,88.010835
1158,115.800000,11.467462,82.406216
1159,115.900000,11.533250,88.925555
1160,116.000000,11.801925,83.558876
1161,116.100000,11.832124,81.658374
1162,116.200000,11.980404,77.102515
1163,116.300000,11.124858,89.994986
1164,116.400000,11.957047,77.065012
1165,116.500000,11.050136,85.519730
1166,116.600000,11.402413,85.397993
1167,116.700000,11.399735,89.207007
1168,116.800000,12.131924,79.621144
1169,116.900000,11.814246,84.737111
1170,117.000000,11.232618,82.662223
1171,117.100000,11.517544,87.137846
1172,117.200000,10.811333,79.938859
1173,117.300000,11.267024,81.188020
1174,117.400000,10.002565,68.852009
1175,117.500000,11.228052,85.376315
1176,117.600000,11.626375,89.728280
1177,117.700000,10.590916,86.607377
1178,117.800000,10.739263,88.568295
1179,117.900000,10.869183,81.239312
1180,118.000000,10.352278,73.431638
1181,118.100000,10.869559,75.856903
1182,118.200000,9.971600,72.272183
1183,118.300000,10.428849,70.385772
1184,118.400000,10.339869,81.518088
1185,118.500000,11.269309,89.478756
1186,118.600000,11.178570,83.070306
1187,118.700000,10.946387,85.902066
1188,118.800000,12.244192,79.124603
1189,118.900000,11.694612,88.689362
1190,119.000000,11.450842,86.891933
1191,119.100000,10.969667,89.049569
1192,119.200000,11.393107,87.497322
1193,119.300000,10.960644,86.064661
1194,119.400000,11.206826,68.614511
1195,119.500000,10.745546,85.017531
1196,119.600000,10.565085,81.049354
1197,119.700000,9.719579,72.819432
1198,119.800000,10.445628,75.590898
1199,119.900000,10.254752,76.317669
1200,120.000000,9.051799,76.390511
1201,120.100000,9.224777,74.231563
1202,120.200000,9.620050,75.999619
1203,120.300000,10.190424,74.646645
1204,120.400000,9.621854,74.254799
1205,120.500000,9.775144,70.191889
1206,120.600000,9.233181,65.142301
1207,120.700000,8.894199,75.593715
1208,120.800000,9.240309,71.552797
1209,120.900000,9.953890,78.914803
1210,121.000000,9.696704,71.524228
1211,121.100000,9.743653,73.124815
1212,121.200000,9.565719,68.039742
1213,121.300000,10.197334,76.236317
1214,121.400000,10.876367,82.240723
1215,121.500000,10.633623,80.769397
1216,121.600000,9.760966,72.207627
1217,121.700000,10.329329,68.731882
1218,121.800000,10.765703,88.348824
1219,121.900000,10.642251,79.119932
1220,122.000000,10.059835,80.176446
1221,122.100000,9.384787,79.283236
1222,122.200000,9.690258,78.973773
1223,122.300000,10.441501,87.692899
1224,122.400000,10.592105,88.820499
1225,122.500000,10.500714,84.274546
1226,122.600000,11.165226,86.584245
1227,122.700000,11.237129,89.741454
1228,122.800000,11.062823,79.650971
1229,122.900000,11.167152,77.264705
1230,123.000000,10.619631,88.665721
1231,123.100000,11.153169,83.996787
1232,123.200000,11.391591,84.583275
1233,123.300000,11.397738,69.319615
1234,123.400000,11.386467,85.454328
1235,123.500000,11.664498,76.154980
1236,123.600000,10.606216,84.256440
1237,123.700000,9.781446,80.833177
1238,123.800000,10.406464,88.749425
1239,123.900000,9.887715,76.012209
1240,124.000000,10.898397,88.398515
1241,124.100000,10.113666,77.785188
1242,124.200000,10.210027,83.440121
1243,124.300000,10.638678,87.598202
1244,124.400000,10.879916,87.378931
1245,124.500000,11.380077,69.450558
1246,124.600000,11.125323,83.595721
1247,124.700000,11.219687,87.356267
1248,124.800000,10.260680,86.157345
1249,124.900000,11.222779,87.640571
1250,125.000000,9.833697,81.098783
1251,125.100000,10.912332,88.353618
1252,125.200000,10.782250,81.271693
1253,125.300000,11.034965,89.558645
1254,125.400000,11.159802,84.515532
1255,125.500000,10.696556,87.048642
1256,125.600000,10.225896,76.780860
1257,125.700000,10.378123,89.062599
1258,125.800000,11.109488,76.675973
1259,125.900000,11.179791,70.972966
1260,126.000000,11.460797,69.356276
1261,126.100000,11.355439,86.238057
1262,126.200000,11.729066,82.589809
1263,126.300000,10.818537,81.825535
1264,126.400000,10.204884,79.915928
1265,126.500000,10.390413,83.955347
1266,126.600000,9.769025,77.281705
1267,126.700000,9.289515,84.362538
1268,126.800000,10.170694,80.646459
1269,126.900000,10.180255,83.680456
1270,127.000000,9.607955,74.969907
1271,127.100000,10.136260,80.260610
1272,127.200000,10.318472,88.996901
1273,127.300000,9.752484,73.012853
1274,127.400000,9.587854,75.607907
1275,127.500000,9.961477,74.001267
1276,127.600000,9.612307,67.731803
1277,127.700000,8.894479,61.897931
1278,127.800000,8.707240,60.269515
1279,127.900000,9.199981,69.373487
1280,128.000000,10.081807,75.440447
1281,128.100000,9.654772,76.853005
1282,128.200000,10.533287,81.420328
1283,128.300000,10.100873,76.743442
1284,128.400000,9.944491,77.363809
1285,128.500000,10.024535,75.777900
1286,128.600000,10.770840,82.348697
1287,128.700000,10.696757,73.826456
1288,128.800000,9.770653,70.168260
1289,128.900000,9.677136,80.490702
1290,129.000000,9.728349,78.924236
1291,129.100000,9.629615,76.793553
1292,129.200000,9.876029,74.723541
1293,129.300000,9.763745,76.994689
1294,129.400000,11.258951,79.171998
1295,129.500000,11.054160,83.516531
1296,129.600000,11.615245,73.939017
1297,129.700000,11.776819,79.855830
1298,129.800000,11.254951,73.517353
1299,129.900000,11.083919,89.885869
1300,130.000000,11.768888,59.596695
1301,130.100000,11.476378,73.065005
1302,130.200000,11.757919,70.540540
1303,130.300000,11.722604,78.793709
1304,130.400000,11.448498,78.379932
1305,130.500000,12.056422,82.990120
1306,130.600000,11.921962,71.407087
1307,130.700000,11.378615,78.888044
1308,130.800000,11.883025,76.894354
1309,130.900000,11.551162,74.433077
1310,131.000000,11.941120,80.761554
1311,131.100000,10.795708,76.317487
1312,131.200000,10.672111,76.066080
1313,131.300000,10.657216,81.034729
1314,131.400000,10.615071,72.268553
1315,131.500000,10.173933,68.446896
1316,131.600000,11.244103,80.285362
1317,131.700000,10.408829,72.139217
1318,131.800000,9.566480,66.777905
1319,131.900000,9.528794,64.787165
1320,132.000000,10.124586,59.842296
1321,132.100000,9.434534,70.269877
1322,132.200000,9.919911,68.804832
1323,132.300000,9.808441,73.001795
1324,132.400000,9.561566,72.243428
1325,132.500000,9.971970,66.127419
1326,132.600000,9.556258,70.271799
1327,132.700000,9.424570,72.967527
1328,132.800000,9.166367,63.369004
1329,132.900000,9.208487,63.265096
1330,133.000000,8.771742,63.423326
1331,133.100000,8.718101,59.784129
1332,133.200000,8.840407,55.854136
1333,133.300000,9.108710,63.737158
1334,133.400000,8.986694,59.492283
1335,133.500000,8.965139,62.988627
1336,133.600000,8.866165,60.041996
1337,133.700000,8.338337,59.365378
1338,133.800000,8.968129,60.395898
1339,133.900000,8.677645,59.719957
1340,134.000000,8.999197,67.469901
1341,134.100000,9.007969,70.055821
1342,134.200000,9.640581,75.594940
1343,134.300000,9.412957,70.480308
1344,134.400000,9.761030,77.835987
1345,134.500000,9.764543,63.473471
1346,134.600000,9.684239,67.318572
1347,134.700000,9.298075,74.980247
1348,134.800000,9.868826,74.726245
1349,134.900000,10.635738,89.074937
1350,135.000000,10.079165,80.587329
1351,135.100000,10.439892,81.857101
1352,135.200000,10.247377,79.874212
1353,135.300000,10.808705,85.647378
1354,135.400000,10.323751,75.146997
1355,135.500000,10.322451,72.931196
1356,135.600000,9.933721,72.703373
1357,135.700000,10.140173,81.885888
1358,135.800000,9.751443,78.058609
1359,135.900000,10.117889,81.780794
1360,136.000000,10.388956,85.315477
1361,136.100000,10.371576,83.698563
1362,136.200000,10.392452,79.808819
1363,136.300000,9.974277,85.784097
1364,136.400000,10.025354,79.036866
1365,136.500000,9.411187,75.639856
1366,136.600000,8.688580,85.087521
1367,136.700000,9.141603,83.213578
1368,136.800000,9.023774,66.446327
1369,136.900000,8.891504,77.170958
1370,137.000000,8.753587,68.122830
1371,137.100000,8.989021,76.212166
1372,137.200000,9.410994,73.443084
1373,137.300000,10.224395,70.935091
1374,137.400000,9.641361,72.255243
1375,137.500000,10.439081,88.475070
1376,137.600000,11.080792,83.732443
1377,137.700000,11.156922,84.084292
1378,137.800000,10.625652,87.143257
1379,137.900000,11.365359,84.608491
1380,138.000000,10.030951,81.903760
1381,138.100000,10.807053,87.081545
1382,138.200000,11.244690,80.318216
1383,138.300000,11.454866,87.254347
1384,138.400000,10.692646,81.573395
1385,138.500000,11.918629,84.188596
1386,138.600000,11.242972,87.159773
1387,138.700000,10.022453,73.913647
1388,138.800000,10.167511,79.394978
1389,138.900000,10.329908,75.383153
1390,139.000000,10.894143,78.004973
1391,139.100000,10.173495,84.462707
1392,139.200000,10.549949,86.758133
1393,139.300000,10.783076,79.882185
1394,139.400000,10.045460,76.423047
1395,139.500000,10.576841,84.651245
1396,139.600000,11.104180,82.245220
1397,139.700000,10.760019,89.446105
1398,139.800000,11.367692,89.018459
1399,139.900000,11.299490,82.102722
1400,140.000000,11.851391,73.502501
1401,140.100000,11.345239,89.578115
1402,140.200000,11.368905,73.924590
1403,140.300000,11.985693,66.588875
1404,140.400000,12.261411,67.651407
1405,140.500000,11.367222,64.797375
1406,140.600000,12.158351,66.200990
1407,140.700000,11.994867,49.613767
1408,140.800000,11.537373,66.306312
1409,140.900000,11.649867,68.960241
1410,141.000000,11.219938,65.786712
1411,141.100000,11.537658,75.720600
1412,141.200000,11.778374,70.648764
1413,141.300000,10.887985,79.513561
1414,141.400000,11.005478,86.978374
1415,141.500000,11.488848,60.603184
1416,141.600000,11.456178,67.137294
1417,141.700000,11.534481,70.634871
1418,141.800000,11.121523,73.647334
1419,141.900000,11.246188,69.579884
1420,142.000000,11.277701,80.847630
1421,142.100000,10.148398,71.271912
1422,142.200000,10.046757,79.005159
1423,142.300000,9.372851,63.811700
1424,142.400000,9.352756,67.312992
1425,142.500000,10.177575,57.353825
1426,142.600000,10.112927,60.578855
1427,142.700000,10.516461,62.978354
1428,142.800000,10.451665,77.392902
1429,142.900000,9.721269,72.532086
1430,143.000000,9.830293,72.052671
1431,143.100000,10.388013,68.544359
1432,143.200000,11.186997,80.178548
1433,143.300000,11.620746,80.131996
1434,143.400000,11.478691,80.862395
1435,143.500000,10.767908,60.862925
1436,143.600000,11.475655,86.699444
1437,143.700000,10.874641,83.391212
1438,143.800000,11.425222,83.130258
1439,143.900000,11.329204,75.433113
1440,144.000000,11.836114,82.713605
1441,144.100000,11.229762,86.767103
1442,144.200000,10.640329,82.676708
1443,144.300000,10.815246,73.371807
1444,144.400000,11.130384,89.812017
1445,144.500000,11.303826,85.798294
1446,144.600000,10.814532,83.504249
1447,144.700000,10.938402,79.036394
1448,144.800000,10.820289,75.230921
1449,144.900000,11.234230,68.434051
1450,145.000000,11.092769,74.859320
1451,145.100000,11.665480,66.874762
1452,145.200000,11.158710,70.569348
1453,145.300000,11.515584,64.081222
1454,145.400000,11.625275,69.417603
1455,145.500000,11.583742,64.360029
1456,145.600000,10.878206,84.611521
1457,145.700000,11.294995,85.142191
1458,145.800000,11.897869,84.516027
1459,145.900000,11.695703,82.469403
1460,146.000000,11.807109,89.541208
1461,146.100000,11.085996,69.174527
1462,146.200000,11.571192,68.657364
1463,146.300000,11.908435,61.604507
1464,146.400000,11.842166,67.656649
1465,146.500000,11.544000,69.418473
1466,146.600000,11.833921,78.184298
1467,146.700000,11.972413,63.226370
1468,146.800000,11.318893,80.210932
1469,146.900000,11.763287,78.552254
1470,147.000000,11.413276,62.005713
1471,147.100000,10.880220,70.238186
1472,147.200000,10.636933,57.262778
1473,147.300000,10.980700,55.841968
1474,147.400000,10.822509,53.558502
1475,147.500000,11.720553,54.490674
1476,147.600000,10.976979,52.910611
1477,147.700000,11.471725,53.106864
1478,147.800000,11.411309,64.762894
1479,147.900000,11.929170,65.735789
1480,148.000000,11.679610,68.230138
1481,148.100000,11.263541,78.599767
1482,148.200000,10.767744,82.429010
1483,148.300000,10.670809,86.093474
1484,148.400000,11.321537,86.783814
1485,148.500000,10.987635,80.192995
1486,148.600000,10.246753,88.618678
1487,148.700000,10.720086,87.101731
1488,148.800000,10.545260,80.444700
1489,148.900000,10.037434,85.537694
1490,149.000000,10.088754,79.275082
1491,149.100000,9.817925,76.413218
1492,149.200000,10.658636,89.356576
1493,149.300000,10.345338,84.562114
1494,149.400000,11.546151,88.107140
1495,149.500000,11.154480,86.287770
1496,149.600000,11.106595,86.939752
1497,149.700000,10.866578,88.452862
1498,149.800000,10.914371,87.413845
1499,149.900000,11.528626,88.118639
1500,150.000000,12.017391,88.896982
1501,150.100000,11.748643,85.395263
1502,150.200000,10.958216,81.645002
1503,150.300000,10.323075,74.179442
1504,150.400000,10.607416,75.360438
1505,150.500000,10.614676,83.355178
1506,150.600000,10.220901,79.856653
1507,150.700000,10.179624,80.839315
1508,150.800000,10.339799,81.332171
1509,150.900000,9.206351,80.673097
1510,151.000000,9.082356,79.239834
1511,151.100000,9.097826,86.846380
1512,151.200000,9.106040,78.442882
1513,151.300000,9.204764,62.050982
1514,151.400000,9.221523,62.926324
1515,151.500000,9.024201,60.665292
1516,151.600000,8.776370,63.451136
1517,151.700000,9.172234,65.230582
1518,151.800000,9.622939,83.024307
1519,151.900000,9.701808,74.219086
1520,152.000000,9.625450,79.311307
1521,152.100000,8.925892,54.420575
1522,152.200000,8.915258,62.286457
1523,152.300000,9.315475,68.228720
1524,152.400000,9.671426,74.223857
1525,152.500000,9.282724,73.897362
1526,152.600000,8.720433,73.189423
1527,152.700000,8.930685,69.127847
1528,152.800000,8.757368,61.755223
1529,152.900000,8.521656,66.898091
1530,153.000000,9.039837,63.014441
1531,153.100000,8.559575,64.578335
1532,153.200000,9.394686,57.366803
1533,153.300000,9.175134,58.980340
1534,153.400000,9.517465,57.192587
1535,153.500000,8.869073,63.269752
1536,153.600000,9.452274,70.860708
1537,153.700000,9.495413,64.673478
1538,153.800000,8.386232,59.991489
1539,153.900000,8.922503,64.184691
1540,154.000000,8.948424,54.838473
1541,154.100000,9.170826,56.260480
1542,154.200000,8.831258,60.113919
1543,154.300000,8.861248,58.071574
1544,154.400000,8.657442,60.922520
1545,154.500000,8.589231,59.980267
1546,154.600000,8.673436,58.101927
1547,154.700000,9.143886,61.189520
1548,154.800000,9.314806,60.438864
1549,154.900000,9.393490,63.880129
1550,155.000000,9.210741,60.060981
1551,155.100000,8.683184,61.919906
1552,155.200000,8.628553,56.460825
1553,155.300000,9.170557,59.839407
1554,155.400000,8.830327,61.784950
1555,155.500000,8.987777,66.123305
1556,155.600000,8.948687,62.630154
1557,155.700000,9.150036,67.611691
1558,155.800000,8.589726,60.975211
1559,155.900000,9.064448,66.732787
1560,156.000000,9.361701,69.502406
1561,156.100000,9.535059,74.090107
1562,156.200000,9.345485,80.630776
1563,156.300000,9.037983,85.201175
1564,156.400000,9.442677,72.086391
1565,156.500000,9.907368,74.856173
1566,156.600000,9.384816,78.551080
1567,156.700000,9.376734,69.759132
1568,156.800000,9.146594,69.004345
1569,156.900000,10.240300,70.870421
1570,157.000000,9.855735,71.607515
1571,157.100000,9.035861,56.412465
1572,157.200000,8.935564,81.997112
1573,157.300000,9.370090,82.403247
1574,157.400000,9.272005,80.519247
1575,157.500000,9.658802,79.266182
1576,157.600000,9.584024,77.929980
1577,157.700000,9.908773,80.665827
1578,157.800000,9.514117,73.849547
1579,157.900000,9.832703,68.318168
1580,158.000000,9.483971,75.443666
1581,158.100000,9.705628,83.040460
1582,158.200000,10.173742,80.141554
1583,158.300000,9.960015,87.267191
1584,158.400000,10.692613,89.001554
1585,158.500000,10.538534,80.472140
1586,158.600000,10.532720,78.830187
1587,158.700000,11.295970,78.719880
1588,158.800000,11.619346,74.233688
1589,158.900000,11.051234,85.383515
1590,159.000000,10.944911,82.553878
1591,159.100000,11.801076,85.630292
1592,159.200000,11.372781,87.488524
1593,159.300000,10.638677,88.764890
1594,159.400000,10.247161,80.970538
1595,159.500000,10.839451,81.968146
1596,159.600000,10.406613,76.828886
1597,159.700000,10.882730,83.800719
1598,159.800000,11.717630,67.906238
1599,159.900000,11.285992,85.955941
1600,160.000000,11.197025,89.094715
1601,160.100000,11.323376,82.449864
1602,160.200000,11.203261,79.040085
1603,160.300000,11.199409,79.665635
1604,160.400000,12.296543,78.830289
1605,160.500000,11.551618,72.919142
1606,160.600000,11.713881,63.849992
1607,160.700000,11.510616,88.763587
1608,160.800000,11.254564,87.309958
1609,160.900000,11.750621,75.247448
1610,161.000000,11.562006,82.350890
1611,161.100000,12.160579,76.695159
1612,161.200000,10.180341,88.464220
1613,161.300000,11.831131,85.284066
1614,161.400000,11.143507,87.594130
1615,161.500000,10.756980,89.985309
1616,161.600000,10.904438,85.895161
1617,161.700000,11.323584,86.003315
1618,161.800000,11.294571,67.958862
1619,161.900000,11.584715,67.494134
1620,162.000000,11.609204,85.659164
1621,162.100000,11.002139,57.265183
1622,162.200000,11.432302,55.258428
1623,162.300000,11.471627,59.957773
1624,162.400000,12.254332,52.374286
1625,162.500000,11.734233,77.254630
1626,162.600000,11.480025,78.347631
1627,162.700000,11.345669,85.975449
1628,162.800000,11.508243,73.572557
1629,162.900000,11.595176,74.368550
1630,163.000000,11.274660,88.475168
1631,163.100000,11.518048,88.705287
1632,163.200000,11.001605,84.242360
1633,163.300000,12.020442,76.780266
1634,163.400000,12.464629,73.570278
1635,163.500000,12.758422,75.382848
1636,163.600000,12.083329,88.393854
1637,163.700000,11.549332,82.644274
1638,163.800000,11.977431,72.219213
1639,163.900000,12.419579,67.275729
1640,164.000000,12.186274,75.633410
1641,164.100000,11.831933,61.106351
1642,164.200000,11.169319,63.099160
1643,164.300000,10.784692,77.930155
1644,164.400000,11.323152,61.199130
1645,164.500000,11.476960,62.863502
1646,164.600000,11.439892,64.434390
1647,164.700000,11.556647,62.838160
1648,164.800000,11.938739,63.098348
1649,164.900000,11.504078,61.461708
1650,165.000000,11.778851,54.977016
1651,165.100000,11.852343,59.894216
1652,165.200000,12.909864,58.828657
1653,165.300000,13.331636,54.976619
1654,165.400000,13.389855,53.414327
1655,165.500000,11.806599,67.766733
1656,165.600000,11.950828,72.694959
1657,165.700000,12.618074,67.774346
1658,165.800000,12.364964,78.132323
1659,165.900000,12.140194,74.778012
1660,166.000000,12.463478,75.818707
1661,166.100000,12.728402,71.832048
1662,166.200000,12.522331,72.125705
1663,166.300000,11.827653,80.378028
1664,166.400000,12.016738,81.081208
1665,166.500000,11.664136,61.960321
1666,166.600000,12.142902,72.588942
1667,166.700000,12.940623,73.710335
1668,166.800000,12.022621,64.180778
1669,166.900000,11.745711,72.292213
1670,167.000000,12.098706,70.325941
1671,167.100000,11.905738,74.550412
1672,167.200000,12.939248,71.288370
1673,167.300000,11.742181,86.397131
1674,167.400000,11.352241,84.303402
1675,167.500000,11.909865,75.814277
1676,167.600000,12.292576,83.781284
1677,167.700000,11.748749,85.716530
1678,167.800000,11.026158,81.692937
1679,167.900000,11.674438,82.683014
1680,168.000000,11.859647,80.273359
1681,168.100000,11.636750,83.985307
1682,168.200000,11.670124,73.077101
1683,168.300000,11.867902,67.802930
1684,168.400000,12.226615,73.203908
1685,168.500000,12.302371,76.627513
1686,168.600000,12.146403,60.971133
1687,168.700000,11.748459,74.508297
1688,168.800000,11.086640,88.019968
1689,168.900000,11.207796,87.050758
1690,169.000000,11.586593,87.596386
1691,169.100000,11.866008,89.687406
1692,169.200000,10.961649,82.288336
1693,169.300000,11.281136,80.148585
1694,169.400000,10.733856,74.497633
1695,169.500000,10.713333,69.604069
1696,169.600000,11.266052,73.047595
1697,169.700000,11.170097,73.435999
1698,169.800000,10.815671,74.009423
1699,169.900000,10.796786,74.324740
1700,170.000000,10.644365,77.341956
1701,170.100000,10.518650,77.968356
1702,170.200000,10.935776,82.833466
1703,170.300000,11.523453,84.811702
1704,170.400000,11.358559,82.163838
1705,170.500000,10.743379,73.158652
1706,170.600000,10.723541,66.576178
1707,170.700000,10.926472,84.114775
1708,170.800000,11.351766,79.822543
1709,170.900000,11.909936,80.230959
1710,171.000000,11.907508,70.020282
1711,171.100000,11.563476,89.948153
1712,171.200000,11.269472,84.267634
1713,171.300000,11.291012,78.930590
1714,171.400000,10.839306,81.487641
1715,171.500000,12.083263,76.542823
1716,171.600000,11.815733,86.090120
1717,171.700000,11.739689,72.856884
1718,171.800000,12.298514,65.216880
1719,171.900000,12.118671,64.028421
1720,172.000000,11.362311,70.868027
1721,172.100000,11.614982,84.185656
1722,172.200000,11.229394,82.512707
1723,172.300000,11.354072,84.435582
1724,172.400000,11.521729,87.688850
1725,172.500000,11.204915,88.781622
1726,172.600000,11.238339,79.782085
1727,172.700000,11.399596,81.134558
1728,172.800000,12.048807,82.731838
1729,172.900000,11.334254,80.854358
1730,173.000000,11.750005,82.374966
1731,173.100000,10.033731,87.413728
1732,173.200000,11.484341,81.265248
1733,173.300000,10.905650,69.710672
1734,173.400000,11.636078,77.073042
1735,173.500000,10.508833,87.589079
1736,173.600000,10.902122,66.640462
1737,173.700000,11.435599,64.868076
1738,173.800000,11.393144,89.204943
1739,173.900000,11.350667,89.998122
1740,174.000000,12.602205,61.797673
1741,174.100000,11.117905,74.762061
1742,174.200000,11.680035,75.459114
1743,174.300000,11.469904,60.547833
1744,174.400000,10.761408,77.598409
1745,174.500000,11.043692,85.629961
1746,174.600000,11.959866,83.779315
1747,174.700000,11.341348,80.998281
1748,174.800000,11.058544,88.680463
1749,174.900000,11.854637,81.423638
1750,175.000000,10.554963,83.453295
1751,175.100000,10.349921,88.469291
1752,175.200000,9.811744,81.189997
1753,175.300000,9.851641,78.172017
1754,175.400000,9.936612,80.700828
1755,175.500000,9.701857,76.087323
1756,175.600000,8.678214,70.683192
1757,175.700000,8.417014,74.143307
1758,175.800000,8.525701,79.661913
1759,175.900000,8.554233,76.072694
1760,176.000000,8.414231,80.989666
1761,176.100000,8.890631,80.777122
1762,176.200000,8.711549,79.766560
1763,176.300000,8.501335,74.700815
1764,176.400000,8.574735,82.849629
1765,176.500000,8.661178,85.651147
1766,176.600000,8.471849,83.175380
1767,176.700000,8.636164,80.660355
1768,176.800000,8.644735,84.092204
1769,176.900000,8.561778,82.560547
1770,177.000000,8.588890,79.646556
1771,177.100000,8.254007,82.511289
1772,177.200000,8.012038,82.127047
1773,177.300000,8.160258,70.012014
1774,177.400000,9.085080,88.498972
1775,177.500000,8.281575,73.303156
1776,177.600000,8.684859,82.544142
1777,177.700000,8.490965,78.046316
1778,177.800000,8.677752,83.781737
1779,177.900000,8.785092,83.450055
1780,178.000000,8.603691,83.811730
1781,178.100000,8.491611,82.352391
1782,178.200000,8.741801,76.088421
1783,178.300000,8.719653,86.631749
1784,178.400000,8.540933,77.657790
1785,178.500000,8.510603,88.303462
1786,178.600000,8.529291,78.534653
1787,178.700000,8.293104,72.990025
1788,178.800000,8.388951,78.381571
1789,178.900000,8.810694,81.717842
1790,179.000000,8.423399,83.458350
1791,179.100000,8.733548,84.219253
1792,179.200000,8.748756,88.612080
1793,179.300000,9.037735,84.199180
1794,179.400000,8.693044,89.491768
1795,179.500000,9.147696,86.815380
1796,179.600000,8.770954,82.494742
1797,179.700000,8.161585,82.431784
1798,179.800000,8.907982,77.725739
1799,179.900000,8.324326,85.602266
1800,180.000000,8.574231,84.047929
1801,180.100000,8.363044,80.923083
1802,180.200000,8.522314,76.009482
1803,180.300000,8.312478,81.246798
1804,180.400000,8.110320,85.091606
1805,180.500000,8.314800,84.276972
1806,180.600000,8.234919,77.574896
1807,180.700000,8.218967,77.773769
1808,180.800000,8.187313,81.862633
1809,180.900000,8.536056,71.246969
1810,181.000000,8.601876,67.969457
1811,181.100000,8.796319,72.784696
1812,181.200000,8.941307,71.412556
1813,181.300000,9.067184,65.024875
1814,181.400000,8.587204,76.920663
1815,181.500000,9.182521,72.998117
1816,181.600000,8.818089,67.436508
1817,181.700000,8.828602,63.939571
1818,181.800000,9.002959,64.815120
1819,181.900000,8.534431,71.590618
1820,182.000000,8.595813,71.341274
1821,182.100000,8.434610,68.948249
1822,182.200000,8.782395,70.875502
1823,182.300000,8.499308,70.298711
1824,182.400000,8.675020,66.470011
1825,182.500000,8.210976,64.121860
1826,182.600000,8.954398,67.485073
1827,182.700000,8.858922,66.962596
1828,182.800000,8.781874,73.402418
1829,182.900000,8.603187,64.254440
1830,183.000000,8.976364,67.357747
1831,183.100000,8.968765,62.408319
1832,183.200000,8.981013,65.577981
1833,183.300000,8.744079,69.069488
1834,183.400000,8.686497,63.720550
1835,183.500000,8.713450,61.737601
1836,183.600000,8.459418,60.005964
1837,183.700000,8.818863,65.063086
1838,183.800000,8.868697,63.250078
1839,183.900000,8.616061,66.837824
1840,184.000000,8.649741,65.723064
1841,184.100000,8.684804,63.449062
1842,184.200000,8.830385,68.434182
1843,184.300000,9.489871,68.258855
1844,184.400000,8.765136,67.353903
1845,184.500000,9.086069,71.073242
1846,184.600000,8.905597,61.758600
1847,184.700000,8.783852,63.875987
1848,184.800000,9.683302,64.479737
1849,184.900000,9.494900,76.263546
1850,185.000000,9.320919,70.838237
1851,185.100000,9.278897,69.034275
1852,185.200000,9.326720,75.213797
1853,185.300000,8.879960,71.831980
1854,185.400000,9.310300,60.030264
1855,185.500000,8.989245,66.639418
1856,185.600000,9.077834,60.234550
1857,185.700000,9.456931,64.867846
1858,185.800000,9.326755,87.513586
1859,185.900000,9.472449,77.123921
1860,186.000000,9.611462,74.028806
1861,186.100000,9.739371,65.925421
1862,186.200000,9.801026,76.467950
1863,186.300000,9.501650,75.157627
1864,186.400000,8.981486,70.210994
1865,186.500000,9.105414,71.165664
1866,186.600000,9.937773,70.109771
1867,186.700000,9.534993,68.625951
1868,186.800000,9.420087,64.867469
1869,186.900000,9.225053,59.216080
1870,187.000000,9.055203,61.471112
1871,187.100000,9.079370,59.174983
1872,187.200000,8.870980,61.051337
1873,187.300000,9.338957,59.503889
1874,187.400000,8.665805,58.611210
1875,187.500000,8.741998,59.448975
1876,187.600000,9.201271,62.823751
1877,187.700000,9.383935,66.679091
1878,187.800000,9.860558,78.019951
1879,187.900000,9.595532,72.362025
1880,188.000000,9.862034,81.356888
1881,188.100000,10.122793,80.438589
1882,188.200000,10.232042,78.660457
1883,188.300000,11.303746,81.225525
1884,188.400000,9.605930,77.334134
1885,188.500000,10.823724,83.982566
1886,188.600000,11.172501,87.653649
1887,188.700000,10.962379,83.707957
1888,188.800000,10.693063,77.480385
1889,188.900000,11.129487,80.481979
1890,189.000000,10.005611,78.443740
1891,189.100000,9.590550,70.434679
1892,189.200000,10.026559,67.244385
1893,189.300000,9.818337,74.964336
1894,189.400000,9.851390,74.685482
1895,189.500000,9.664454,77.298856
1896,189.600000,8.482794,70.473626
1897,189.700000,8.573898,67.420817
1898,189.800000,8.944223,66.821338
1899,189.900000,8.458807,63.065326
1900,190.000000,8.428733,63.958778
1901,190.100000,8.665091,65.623595
1902,190.200000,8.755067,65.198201
1903,190.300000,8.091364,65.850182
1904,190.400000,8.672175,62.443478
1905,190.500000,8.638136,60.939825
1906,190.600000,8.872156,74.337261
1907,190.700000,8.472577,71.499895
1908,190.800000,8.499444,72.996397
1909,190.900000,8.739176,65.033987
1910,191.000000,8.836638,68.080356
1911,191.100000,8.733909,68.196571
1912,191.200000,9.217651,67.894474
1913,191.300000,8.720573,62.554038
1914,191.400000,8.291218,73.389869
1915,191.500000,8.585869,72.806312
1916,191.600000,8.658149,72.941129
1917,191.700000,8.663084,76.940907
1918,191.800000,8.461935,75.443830
1919,191.900000,8.761334,71.892741
1920,192.000000,8.549226,75.168815
1921,192.100000,8.946759,77.120742
1922,192.200000,8.571213,68.657054
1923,192.300000,8.749267,72.401066
1924,192.400000,8.503897,71.525207
1925,192.500000,8.861527,74.996960
1926,192.600000,8.626877,70.949112
1927,192.700000,8.892062,74.582648
1928,192.800000,9.057004,72.168722
1929,192.900000,8.518776,74.374512
1930,193.000000,8.899696,73.373589
1931,193.100000,8.724522,77.249339
1932,193.200000,8.699071,67.991644
1933,193.300000,8.605941,73.762720
1934,193.400000,8.620560,71.460434
1935,193.500000,8.497688,71.626455
1936,193.600000,8.143085,73.776229
1937,193.700000,8.830120,74.002302
1938,193.800000,8.473280,78.350499
1939,193.900000,8.695777,75.373047
1940,194.000000,8.369934,70.529771
1941,194.100000,8.574782,70.241472
1942,194.200000,9.541685,89.893449
1943,194.300000,9.595881,87.026241
1944,194.400000,9.516931,87.577054
1945,194.500000,9.369889,86.183623
1946,194.600000,9.158361,79.440410
1947,194.700000,8.888637,75.769668
1948,194.800000,8.565250,85.393563
1949,194.900000,8.508652,74.609293
1950,195.000000,9.151474,73.546868
1951,195.100000,9.858484,82.782842
1952,195.200000,8.985274,75.973520
1953,195.300000,9.296881,78.348978
1954,195.400000,9.342554,76.179976
1955,195.500000,9.299409,72.123395
1956,195.600000,9.415626,76.785714
1957,195.700000,9.094298,76.768491
1958,195.800000,9.503205,70.762633
1959,195.900000,8.915914,78.113231
1960,196.000000,9.246537,79.533650
1961,196.100000,9.231913,74.876701
1962,196.200000,8.909524,82.066455
1963,196.300000,9.435777,71.313008
1964,196.400000,9.656549,73.013968
1965,196.500000,8.574997,66.806928
1966,196.600000,8.660058,75.655717
1967,196.700000,8.292676,67.239516
1968,196.800000,8.851610,80.087952
1969,196.900000,8.637796,83.885965
1970,197.000000,9.404278,82.907833
1971,197.100000,9.132816,79.269939
1972,197.200000,8.598502,66.728359
1973,197.300000,8.450632,70.417115
1974,197.400000,8.194162,72.647607
1975,197.500000,8.269567,72.833072
1976,197.600000,8.248857,71.879177
1977,197.700000,8.597486,73.029528
1978,197.800000,8.579676,73.233763
1979,197.900000,8.086597,76.252722
1980,198.000000,8.489655,71.585554
1981,198.100000,8.348404,72.939171
1982,198.200000,8.458770,78.796803
1983,198.300000,8.284461,72.481136
1984,198.400000,8.256497,70.985660
1985,198.500000,8.455591,73.303951
1986,198.600000,8.401820,68.317599
1987,198.700000,8.548889,69.314239
1988,198.800000,8.185428,67.504721
1989,198.900000,8.629956,74.133274
1990,199.000000,8.593131,72.457094
1991,199.100000,8.272920,67.130653
1992,199.200000,8.458643,74.664736
1993,199.300000,8.786660,71.487006
1994,199.400000,8.579066,62.221975
1995,199.500000,9.425301,62.242955
1996,199.600000,9.404381,63.675255
1997,199.700000,8.865448,65.641022
1998,199.800000,8.976079,62.359547
1999,199.900000,8.774094,67.976072
2000,200.000000,8.322081,73.298286
